-58, 42, 38.997
-56.32, 41.739, 33
-54.64, 41.477, 127
-52.961, 41.216, 127
-51.295, 40.879, 127
-49.634, 40.518, 127
-47.972, 40.158, 127
-46.334, 39.706, 127
-44.701, 39.234, 127
-43.073, 38.745, 127
-41.482, 38.148, 127
-39.89, 37.551, 127
-38.338, 36.86, 127
-36.805, 36.125, 127
-35.306, 35.327, 127
-33.854, 34.444, 127
-32.439, 33.506, 127
-31.091, 32.47, 127
-29.801, 31.367, 127
-28.586, 30.178, 127
-27.47, 28.9, 127
-26.412, 27.569, 127
-25.515, 26.127, 127
-24.678, 24.649, 127
-23.984, 23.098, 127
-23.402, 21.503, 127
-22.895, 19.881, 127
-22.559, 18.215, 127
-22.28, 16.54, 127
-22.114, 14.848, 127
-22.038, 13.151, 127
-22.016, 11.451, 127
-22.108, 9.754, 127
-22.227, 8.058, 127
-22.437, 6.372, 127
-22.678, 4.689, 125.545
-22.979, 3.016, 123.813
-23.317, 1.35, 122.058
-23.694, -0.307, 120.276
-24.107, -1.956, 118.467
-24.546, -3.598, 116.631
-25.019, -5.231, 114.765
-25.509, -6.859, 112.868
-26.028, -8.477, 110.939
-26.559, -10.092, 108.975
-27.113, -11.7, 106.976
-27.675, -13.304, 104.938
-28.255, -14.902, 102.86
-28.84, -16.498, 100.739
-29.437, -18.09, 98.573
-30.037, -19.68, 96.358
-30.643, -21.269, 94.09
-31.25, -22.857, 91.767
-31.857, -24.445, 89.384
-32.463, -26.033, 86.935
-33.061, -27.625, 84.415
-33.656, -29.217, 81.817
-34.235, -30.815, 79.134
-34.806, -32.416, 76.357
-35.356, -34.025, 73.475
-35.885, -35.64, 70.476
-36.394, -37.262, 67.343
-36.857, -38.898, 64.057
-37.294, -40.541, 60.594
-37.673, -42.198, 56.919
-37.984, -43.869, 52.992
-38.231, -45.55, 48.75
-38.385, -47.243, 44.1
-38.386, -48.942, 38.898
-38.233, -50.632, 33
-37.882, -52.291, 33
-37.29, -53.877, 33
-36.428, -55.333, 33
-35.308, -56.602, 33
-33.979, -57.653, 33
-32.502, -58.495, 33
-30.908, -59.085, 51.042
-29.27, -59.529, 63.691
-27.607, -59.874, 60.208
-25.917, -60.059, 56.509
-24.223, -60.187, 52.553
-22.524, -60.222, 48.271
-20.824, -60.226, 43.57
-19.126, -60.281, 105.567
-17.429, -60.383, 127
-15.732, -60.484, 127
-14.035, -60.57, 127
-12.337, -60.656, 127
-10.639, -60.734, 127
-8.94, -60.803, 127
-7.241, -60.872, 127
-5.542, -60.924, 127
-3.843, -60.976, 125.577
-2.143, -61.016, 123.846
-0.444, -61.049, 122.09
1.256, -61.075, 120.309
2.956, -61.088, 118.5
4.656, -61.098, 116.664
6.356, -61.091, 114.799
8.056, -61.082, 112.902
9.756, -61.052, 110.974
11.455, -61.021, 109.011
13.154, -60.967, 107.012
14.853, -60.91, 104.975
16.552, -60.832, 102.898
18.249, -60.745, 100.778
19.946, -60.64, 98.612
21.642, -60.52, 96.398
23.337, -60.385, 94.132
25.029, -60.226, 91.81
26.72, -60.055, 89.427
28.409, -59.858, 86.979
30.094, -59.638, 84.461
31.778, -59.399, 81.865
33.456, -59.13, 79.184
35.129, -58.83, 76.409
36.798, -58.503, 73.529
38.459, -58.146, 70.532
40.113, -57.75, 67.401
41.755, -57.309, 64.118
43.384, -56.827, 60.658
44.999, -56.296, 56.988
46.596, -55.713, 53.065
48.17, -55.072, 48.828
49.716, -54.366, 44.187
51.228, -53.59, 38.997
52.698, -52.736, 33
54.109, -51.789, 33
55.459, -50.756, 33
56.733, -49.632, 33
57.904, -48.4, 33
58.977, -47.082, 33
59.918, -45.667, 33
60.734, -44.177, 33
61.417, -42.621, 33
61.964, -41.012, 33
62.393, -39.368, 32.709
62.709, -37.697, 25.262
62.924, -36.012, 14.369
63.002, -35.202, 0
63.002, -35.202, 0
64.909, -15.294, 0
endData
127
127
200
-58, 42, 29.939, 30.711, -78.469, -62.437, -20.291, -60.211
-20.291, -60.211, 50.603, -64.768, 61.73, -51.098, 63.002, -35.202
#PATH.JERRYIO-DATA {"appVersion":"0.5.1","format":"LemLib v0.4.x (inch, byte-voltage)","gc":{"robotWidth":13,"robotHeight":13,"robotIsHolonomic":false,"showRobot":true,"uol":2.54,"pointDensity":1.7,"controlMagnetDistance":1.968503937007874,"fieldImage":{"displayName":"VRC 2024 - Over Under","signature":"VRC 2024 - Over Under","origin":{"__type":"built-in"}}},"paths":[{"segments":[{"controls":[{"uid":"bAEgUR1UD9","x":-58,"y":42,"lock":false,"visible":true,"heading":90,"__type":"end-point"},{"uid":"b6wADPuHxH","x":29.938840152992046,"y":30.7114067420397,"lock":false,"visible":true,"__type":"control"},{"uid":"ymm5nSgjYz","x":-78.46920415836689,"y":-62.43685420584352,"lock":false,"visible":true,"__type":"control"},{"uid":"GF9Vak7Uuv","x":-20.291280085115616,"y":-60.211469132003316,"lock":false,"visible":true,"heading":0,"__type":"end-point"}],"speedProfiles":[],"lookaheadKeyframes":[],"uid":"N6e9oy0AW0"},{"controls":[{"uid":"GF9Vak7Uuv","x":-20.291280085115616,"y":-60.211469132003316,"lock":false,"visible":true,"heading":0,"__type":"end-point"},{"uid":"E7DAkEpCrQ","x":50.603,"y":-64.76822293336429,"lock":false,"visible":true,"__type":"control"},{"uid":"lSOVB0vGHm","x":61.7300554935665,"y":-51.09800033691726,"lock":false,"visible":true,"__type":"control"},{"uid":"rSlYrC6RAg","x":63.00170410718947,"y":-35.202392666630026,"lock":false,"visible":true,"heading":0,"__type":"end-point"}],"speedProfiles":[],"lookaheadKeyframes":[],"uid":"KGs6fiM9qU"}],"pc":{"speedLimit":{"minLimit":{"value":0,"label":"0"},"maxLimit":{"value":127,"label":"127"},"step":1,"from":33,"to":127},"bentRateApplicableRange":{"minLimit":{"value":0,"label":"0"},"maxLimit":{"value":3.4,"label":"3.4"},"step":0.01,"from":1.19,"to":1.53},"maxDecelerationRate":127},"name":"Path","uid":"JIVs78EkLM","lock":false,"visible":true}]}