-58, 42, 100
-56.031, 41.65, 100
-54.062, 41.301, 100
-52.093, 40.949, 100
-50.124, 40.597, 100
-48.156, 40.242, 97.691
-46.188, 39.886, 95.055
-44.22, 39.526, 92.345
-42.253, 39.165, 89.552
-40.287, 38.798, 86.669
-38.321, 38.43, 83.687
-36.357, 38.055, 80.595
-34.393, 37.675, 77.379
-32.431, 37.29, 74.024
-30.47, 36.893, 70.509
-28.512, 36.487, 66.81
-26.556, 36.068, 62.893
-24.604, 35.634, 58.716
-22.657, 35.179, 54.218
-20.716, 34.695, 49.311
-18.786, 34.172, 43.859
-16.871, 33.596, 37.625
-14.983, 32.936, 30.129
-13.149, 32.142, 20
-11.448, 31.096, 20
-10.132, 29.611, 20
-9.635, 27.691, 20
-9.706, 25.694, 20
-9.906, 23.704, 20
-10.024, 21.708, 20
-9.981, 19.71, 20
-9.899, 17.714, 43.209
-9.919, 15.714, 100
-9.939, 13.714, 100
-9.958, 11.714, 100
-9.978, 9.714, 100
-9.997, 7.714, 100
-10.017, 5.714, 100
-10.037, 3.714, 100
-10.056, 1.714, 99.578
-10.076, -0.285, 96.994
-10.095, -2.285, 94.338
-10.115, -4.285, 91.606
-10.135, -6.285, 88.79
-10.154, -8.285, 85.882
-10.174, -10.285, 82.872
-10.193, -12.285, 79.748
-10.213, -14.285, 76.497
-10.233, -16.285, 73.101
-10.252, -18.285, 69.539
-10.272, -20.285, 65.786
-10.291, -22.284, 61.804
-10.311, -24.284, 57.548
-10.331, -26.284, 52.95
-10.35, -28.284, 47.914
-10.37, -30.284, 42.282
-10.39, -32.284, 35.773
-10.409, -34.284, 27.78
-11.229, -35.496, 20
-13.228, -35.548, 97.689
-15.228, -35.599, 95.053
-17.226, -35.681, 92.343
-19.223, -35.784, 89.55
-21.221, -35.886, 86.667
-23.214, -36.043, 83.685
-25.208, -36.2, 80.593
-27.199, -36.392, 77.377
-29.187, -36.61, 74.022
-31.172, -36.85, 70.508
-33.152, -37.136, 66.808
-35.128, -37.442, 62.892
-37.095, -37.804, 58.714
-39.055, -38.199, 54.217
-41.004, -38.647, 49.31
-42.936, -39.163, 43.859
-44.853, -39.729, 37.627
-46.74, -40.393, 30.129
-48.583, -41.168, 20
-50.366, -42.07, 20
-52.045, -43.15, 20
-53.537, -44.473, 20
-54.593, -46.15, 20
-54.874, -48.106, 20
-54.141, -49.949, 20
-52.889, -51.499, 20
-51.331, -52.75, 20
-49.638, -53.814, 20
-47.86, -54.73, 20
-46.023, -55.52, 20
-44.153, -56.228, 30.975
-42.261, -56.875, 52.448
-40.343, -57.441, 72.506
-38.411, -57.955, 91.644
-36.469, -58.434, 100
-34.512, -58.847, 100
-32.553, -59.248, 100
-30.581, -59.582, 100
-28.609, -59.912, 100
-26.627, -60.185, 100
-24.645, -60.452, 100
-22.658, -60.677, 100
-20.669, -60.884, 100
-18.678, -61.074, 100
-16.684, -61.225, 100
-14.69, -61.377, 100
-12.693, -61.488, 100
-10.695, -61.588, 100
-8.698, -61.682, 100
-6.698, -61.733, 100
-4.699, -61.784, 100
-2.699, -61.822, 100
-0.699, -61.827, 100
1.301, -61.832, 100
3.3, -61.823, 100
5.3, -61.783, 100
7.3, -61.744, 100
9.299, -61.697, 100
11.297, -61.615, 100
13.296, -61.533, 100
15.294, -61.452, 100
17.291, -61.334, 100
19.287, -61.211, 100
21.283, -61.088, 100
23.278, -60.949, 100
25.271, -60.787, 100
27.265, -60.625, 100
29.258, -60.462, 100
31.249, -60.269, 98.607
33.239, -60.069, 95.996
35.229, -59.868, 93.313
37.219, -59.667, 90.55
39.206, -59.441, 87.7
41.121, -58.919, 84.777
42.979, -58.178, 81.726
44.813, -57.381, 78.557
46.622, -56.528, 75.254
48.391, -55.596, 71.8
50.109, -54.573, 68.172
51.752, -53.434, 64.339
53.288, -52.154, 60.264
54.676, -50.716, 55.894
55.874, -49.117, 51.152
56.84, -47.368, 45.924
57.583, -45.512, 49.254
58.125, -43.588, 60.982
58.521, -41.628, 58.946
58.819, -39.65, 54.467
59.057, -37.665, 49.585
59.268, -35.676, 44.167
59.473, -33.686, 37.983
59.689, -31.698, 30.573
59.926, -29.712, 20.656
60.148, -28.047, 0
60.148, -28.047, 0
62.791, -8.222, 0
endData
127
100
200
-58, 42, 2.048, 31.379, -11.482, 32.44, -9.89, 18.645
-9.89, 18.645, -10.156, -8.415, -10.156, -8.415, -10.421, -35.475
-10.421, -35.475, -86.561, -36.537, -61.888, -71.29, 39.985, -59.352
39.985, -59.352, 60.678, -51.658, 57.76, -45.026, 60.148, -28.047
#PATH.JERRYIO-DATA {"appVersion":"0.5.1","format":"LemLib v0.4.x (inch, byte-voltage)","gc":{"robotWidth":12,"robotHeight":12,"robotIsHolonomic":false,"showRobot":false,"uol":2.54,"pointDensity":2,"controlMagnetDistance":1.968503937007874,"fieldImage":{"displayName":"VRC 2024 - Over Under","signature":"VRC 2024 - Over Under","origin":{"__type":"built-in"}}},"paths":[{"segments":[{"controls":[{"uid":"VIDPn0duLf","x":-58,"y":42,"lock":false,"visible":true,"heading":90,"__type":"end-point"},{"uid":"3zhLI3ofjS","x":2.048082552693216,"y":31.379171545667443,"lock":false,"visible":true,"__type":"control"},{"uid":"WfiYZMn5Jp","x":-11.481996487119432,"y":32.44035421545668,"lock":false,"visible":true,"__type":"control"},{"uid":"BtMO0WoK2X","x":-9.890222482435592,"y":18.644979508196716,"lock":false,"visible":true,"heading":180,"__type":"end-point"}],"speedProfiles":[],"lookaheadKeyframes":[],"uid":"iTmgERpKSI"},{"controls":[{"uid":"BtMO0WoK2X","x":-9.890222482435592,"y":18.644979508196716,"lock":false,"visible":true,"heading":180,"__type":"end-point"},{"uid":"93VegqLxF8","x":-10.420813817330204,"y":-35.47533665105387,"lock":false,"visible":true,"heading":270,"__type":"end-point"}],"speedProfiles":[],"lookaheadKeyframes":[],"uid":"tJXsluFpvK"},{"controls":[{"uid":"93VegqLxF8","x":-10.420813817330204,"y":-35.47533665105387,"lock":false,"visible":true,"heading":270,"__type":"end-point"},{"uid":"NJIYfddP76","x":-86.56067037470726,"y":-36.536519320843105,"lock":false,"visible":true,"__type":"control"},{"uid":"2zBrey2vkD","x":-61.88817330210771,"y":-71.29025175644031,"lock":false,"visible":true,"__type":"control"},{"uid":"XD7Dh9z1lR","x":39.98536299765809,"y":-59.351946721311485,"lock":false,"visible":true,"heading":90,"__type":"end-point"}],"speedProfiles":[],"lookaheadKeyframes":[],"uid":"E3vb3B3nzM"},{"controls":[{"uid":"XD7Dh9z1lR","x":39.98536299765809,"y":-59.351946721311485,"lock":false,"visible":true,"heading":90,"__type":"end-point"},{"uid":"N72ZeVzdup","x":60.67842505854803,"y":-51.65837236533959,"lock":false,"visible":true,"__type":"control"},{"uid":"AtjEWzi1DU","x":57.76017271662764,"y":-45.02598067915693,"lock":false,"visible":true,"__type":"control"},{"uid":"h8wT9WLPRb","x":60.148,"y":-28.047057962529284,"lock":false,"visible":true,"heading":0,"__type":"end-point"}],"speedProfiles":[],"lookaheadKeyframes":[],"uid":"YB7reLzd3h"}],"pc":{"speedLimit":{"minLimit":{"value":0,"label":"0"},"maxLimit":{"value":127,"label":"127"},"step":1,"from":20,"to":100},"bentRateApplicableRange":{"minLimit":{"value":0,"label":"0"},"maxLimit":{"value":4,"label":"4"},"step":0.01,"from":1.4,"to":1.8},"maxDecelerationRate":127},"name":"Path","uid":"OWhxY89Dkf","lock":false,"visible":true}]}